130 130 130 130 130 130 130 130 130 130 130 130 130 130 130 130 130 130 130 130 130 130 130 130 130 130 130 130 130 130 130 130 
130 130 130 130 130 130 130 130 130 130 130 130 130 130 130 130 130 130 130 130 130 130 130 130 130 130 130 130 130 130 130 130 
130 130 130 130 130 130 130 130 130 130 130 130 130 130 130 130 130 130 130 130 130 130 127 128 130 130 130 130 130 130 130 130 
130 130 130 130 130 130 130 130 130 130 130 130 130 130 130 130 130 130 130 130 130 130 130 130 130 130 130 130 130 130 130 130 
130 130 130 130 130 130 130 130 91 92 130 130 130 130 130 127 128 91 92 130 130 130 274 275 276 130 130 130 130 130 130 130 
130 130 130 130 130 130 127 128 130 130 130 130 130 130 130 130 130 130 130 130 130 130 310 0 312 127 128 130 130 130 130 130 
130 130 130 130 130 130 130 130 130 130 130 130 130 130 130 130 130 130 130 130 130 130 346 347 348 130 130 127 128 130 130 130 
130 130 130 130 130 130 130 130 130 130 130 130 130 130 130 130 130 130 130 130 130 130 130 130 130 130 130 130 130 130 130 130 
130 130 130 130 130 130 130 130 130 130 130 130 130 130 130 130 130 130 130 130 130 130 130 130 130 130 130 130 130 130 130 130 
130 130 130 130 130 130 91 92 130 130 130 130 130 130 130 130 130 130 91 92 130 130 130 130 130 130 130 130 130 130 130 130 
130 130 130 130 127 128 130 130 130 130 130 130 130 130 130 130 130 130 130 130 127 128 130 130 130 130 130 127 128 130 130 130 
130 130 130 130 130 130 130 130 130 130 130 130 130 130 130 130 130 130 130 130 130 130 130 130 130 130 130 130 130 130 130 130 
130 130 130 130 130 130 130 130 130 130 130 130 130 130 130 130 130 130 130 130 130 130 130 130 130 130 130 130 130 130 130 130 
130 130 130 130 130 130 130 130 130 130 130 130 130 130 130 130 130 130 130 130 130 130 130 130 130 130 130 130 130 130 130 130 
130 130 130 130 130 130 130 127 128 130 130 130 130 130 130 130 130 130 130 130 130 130 130 130 130 130 130 130 130 130 130 130 
130 130 130 130 130 130 130 130 130 130 130 130 130 130 91 92 130 130 130 130 130 130 130 130 130 130 130 130 130 130 130 130 
130 130 130 130 130 130 130 130 130 130 130 130 130 130 130 130 130 130 130 130 130 130 130 130 130 130 130 130 130 130 130 130 
130 130 130 130 130 130 130 130 130 130 130 130 130 130 130 130 130 130 130 130 130 130 130 130 130 130 130 130 130 130 130 130 
