430 430 430 430 430 430 430 430 430 430 430 430 430 430 430 430 430 430 430 430 430 430 430 430 430 430 430 430 430 430 430 430 
430 430 430 430 430 430 430 430 430 430 430 430 430 430 430 430 430 430 430 430 430 430 430 430 430 430 430 430 430 430 430 430 
430 430 430 430 430 430 430 430 430 430 430 430 430 430 430 430 430 430 430 430 430 430 430 430 430 430 430 430 430 430 430 430 
430 430 430 430 430 430 430 430 430 430 430 430 430 430 430 430 430 430 430 430 430 430 430 430 430 430 430 430 430 430 430 430 
430 430 430 430 496 497 430 430 430 430 430 430 430 430 430 430 430 430 430 430 430 430 430 430 430 426 427 430 430 430 430 430 
430 430 430 430 532 533 430 430 430 430 430 430 430 430 430 430 430 430 430 430 430 430 430 430 430 462 463 430 430 430 430 430 
430 430 430 430 430 430 430 430 430 430 430 430 430 430 430 430 430 430 430 430 430 430 430 430 430 430 430 430 430 430 430 430 
430 430 430 430 430 430 430 430 430 430 430 430 430 430 430 430 430 430 430 430 430 430 430 430 430 430 430 430 430 430 430 430 
430 430 430 430 430 430 430 430 430 430 430 426 427 430 430 430 430 430 430 430 430 430 430 430 430 430 430 430 430 430 430 430 
430 430 430 430 430 430 430 430 430 430 430 462 463 430 430 430 430 496 497 430 430 430 430 430 430 430 430 430 430 430 430 430 
430 430 430 430 430 430 430 430 430 430 430 430 430 430 430 430 430 532 533 430 430 430 430 430 430 430 430 430 430 430 430 430 
430 430 430 430 430 430 430 430 430 430 430 430 430 430 430 430 430 430 430 430 430 430 430 430 430 430 430 430 430 430 430 430 
430 430 430 430 430 430 430 430 430 430 430 430 430 430 430 430 430 430 430 430 430 430 430 430 430 430 430 430 430 430 430 430 
430 430 430 498 499 430 430 430 430 430 430 430 430 430 430 430 430 430 430 430 430 430 430 430 430 430 496 497 430 430 430 430 
430 430 430 534 535 430 430 430 430 430 430 430 430 430 430 430 430 430 430 430 430 430 430 430 430 430 532 533 430 430 430 430 
430 430 430 430 430 430 430 430 430 430 430 430 430 430 430 430 430 430 430 430 430 430 430 430 430 430 430 430 430 430 430 430 
430 430 430 430 430 430 430 430 430 430 430 430 430 430 430 430 430 430 430 430 430 430 430 430 430 430 430 430 430 430 430 430 
430 430 430 430 430 430 430 430 430 430 430 430 430 430 430 430 430 430 430 430 430 430 430 430 430 430 430 430 430 430 430 430 

