67 67 67 67 67 67 67 67 67 67 67 67 67 67 67 67 67 67 67 67 67 67 67 67 67 67 67 67 67 67 67 67 
67 67 29 67 67 67 67 67 67 67 67 67 67 67 67 67 67 67 67 67 67 67 67 67 67 67 67 67 67 67 67 67 
67 67 67 67 67 67 67 67 67 67 67 67 67 67 67 67 67 67 67 67 67 67 67 29 67 67 67 67 29 67 67 67 
67 67 67 67 67 67 67 67 67 67 67 29 67 67 29 67 67 67 67 67 67 67 67 67 67 67 67 67 67 67 67 67 
67 67 29 67 67 67 67 67 67 67 67 67 67 67 67 67 67 67 67 67 67 67 67 67 67 67 67 67 67 67 67 67 
67 67 67 67 67 67 67 67 67 67 67 67 67 67 67 67 67 67 67 67 67 67 67 67 67 67 67 67 67 29 67 67 
67 67 67 67 67 67 67 67 67 67 67 67 67 67 67 67 67 67 67 67 67 67 67 67 67 67 67 67 67 67 67 67 
67 67 67 67 67 67 67 67 67 67 67 67 67 67 67 67 67 67 67 67 64 67 67 67 67 67 67 67 67 67 67 67 
67 65 65 65 67 67 67 67 67 67 67 67 67 67 67 67 67 67 67 67 67 67 67 67 67 67 67 67 67 67 67 67 
282 67 67 67 67 67 284 67 67 29 67 67 67 67 67 67 67 67 67 67 67 67 67 29 67 67 67 67 67 67 67 67 
318 67 67 67 67 67 320 67 67 67 67 67 67 67 67 67 67 67 67 67 67 67 67 67 67 67 67 67 67 67 67 67 
318 67 67 67 67 67 320 67 67 67 67 67 67 67 67 67 67 67 67 67 67 67 67 67 67 67 67 67 67 67 67 67 
318 67 67 67 67 280 356 67 67 67 67 67 67 67 67 67 67 67 67 67 67 67 67 67 67 67 67 67 67 67 67 67 
317 67 67 67 67 320 64 67 67 67 67 67 67 67 67 67 67 67 67 64 67 67 67 67 67 67 67 67 67 29 67 67 
67 67 67 67 67 320 64 67 67 67 67 67 67 64 67 67 67 67 67 67 67 67 67 67 67 67 29 29 67 67 67 67 
67 67 67 67 67 316 67 67 284 67 67 67 67 67 67 67 67 29 67 67 67 67 67 67 67 67 67 67 29 67 67 67 
67 67 67 67 67 67 67 67 320 67 67 67 67 67 67 67 67 67 67 67 67 67 67 67 67 67 67 67 67 67 67 67 
67 67 67 67 67 67 67 67 320 67 67 67 67 67 67 67 67 67 67 67 67 67 67 67 67 67 67 67 67 67 67 67 
