130 130 130 130 130 130 130 130 130 130 130 130 130 130 130 130 130 130 130 130 130 130 130 130 130 130 130 130 130 130 130 130 
130 130 130 130 130 130 130 130 130 130 130 130 130 130 130 130 130 130 130 130 130 130 130 130 130 130 130 130 130 130 130 130 
130 130 130 127 128 130 130 130 130 130 130 130 130 130 130 127 128 130 130 130 130 130 130 130 130 130 130 130 130 130 130 130 
130 130 130 130 130 130 130 130 130 130 130 130 130 130 130 130 130 91 130 130 130 130 130 130 130 130 130 130 130 130 130 130 
130 130 130 130 130 130 130 130 130 130 130 130 130 130 130 130 130 130 130 91 127 130 130 130 130 130 91 127 128 130 130 130 
130 130 130 130 130 130 130 130 130 91 130 130 130 130 130 130 130 130 130 91 130 130 130 130 130 130 130 130 130 130 130 130 
130 130 130 130 130 130 130 130 130 130 127 128 130 277 130 130 130 279 130 130 130 130 130 130 130 130 130 130 130 130 130 130 
130 130 130 130 130 130 130 130 130 130 130 130 130 313 130 130 130 315 130 130 130 130 130 130 130 130 130 130 130 130 130 130 
130 130 130 130 130 130 130 130 130 130 130 130 130 313 130 130 130 315 130 130 130 130 130 130 130 130 130 130 130 130 130 130 
130 130 130 130 130 130 130 130 130 130 130 130 277 130 130 130 130 315 130 130 130 130 130 130 130 130 130 130 130 130 130 130 
130 130 130 130 130 130 130 130 130 130 130 130 313 130 130 130 130 315 130 130 130 130 130 130 130 130 130 130 130 130 130 130 
130 130 130 130 130 127 128 130 130 130 130 130 349 350 350 350 350 351 130 130 130 130 130 130 130 130 130 130 130 130 130 130 
130 130 130 130 130 130 130 130 130 130 130 130 130 130 130 130 130 130 130 130 130 130 130 130 130 130 130 130 130 130 130 130 
130 130 130 130 130 130 130 130 130 130 91 130 130 130 130 130 130 130 130 130 130 130 130 130 130 130 130 130 130 130 130 130 
130 130 130 130 130 130 130 130 130 130 130 127 128 130 130 130 130 130 130 130 130 130 127 128 130 130 130 130 130 130 130 130 
130 130 130 130 130 130 130 130 130 130 130 130 130 130 130 130 130 130 130 130 130 130 91 130 130 130 130 130 130 130 130 130 
130 130 130 130 130 130 130 130 130 130 130 130 130 130 130 130 130 130 130 130 130 130 130 130 130 130 130 130 130 130 130 130 
130 130 130 130 130 130 130 130 130 130 130 130 130 130 130 130 130 130 130 130 130 130 130 130 130 130 130 130 130 130 130 130 
